Loop 1
c0: (22.0, 15.0)
c1: (10.0, 16.0)
c2: (30.0, 10.0)
c3: (10.0, 10.0)
c4: (40.0, 20.0)
c5: (20.0, 20.0)
c6: (32.0, 15.0)
c7: (50.0, 22.0)
c8: (45.0, 19.0)

Loop 2
c0: (22.0, 15.0)
c1: (10.0, 16.0)
c2: (30.0, 10.0)
c3: (10.0, 10.0)
c4: (35.0, 47.5)
c5: (18.333333333333332, 63.333333333333336)
c6: (32.0, 15.0)
c7: (68.33333333333333, 27.333333333333332)
c8: (45.0, 19.0)

