Loop 1
c0: (22.0, 15.0)
c1: (10.0, 16.0)
c2: (30.0, 10.0)




Loop 2
c0: (24.25, 47.5)
c1: (10.0, 31.5)
c2: (50.285714285714285, 20.857142857142858)




Loop 3
c0: (21.666666666666668, 81.66666666666667)
c1: (14.4, 14.2)
c2: (50.285714285714285, 20.857142857142858)




Loop 4
c0: (21.666666666666668, 81.66666666666667)
c1: (19.142857142857142, 13.714285714285714)
c2: (58.0, 24.2)




